10000
875
29985
5615
2470
28148
21176
7560
20303
14364
5465
18936
341
5645
7541
7705
19326
3860
27926
29794
13044
13426
15649
9792
29519
11783
22156
28694
13670
1590
16856
16618
22543
28645
21786
1446
14611
27897
4869
16548
12034
15446
17816
23160
23348
26979
6206
19661
11693
15437
2803
12316
10976
14266
28154
12908
4548
20192
14852
4771
9574
10962
514
16910
12294
2259
25856
22341
14391
3559
25225
5505
9492
14539
26331
13242
13322
5581
22888
20368
21624
24016
2826
25458
28753
23670
10808
12679
19993
16333
21400
5773
19851
26809
16963
27288
110
10495
1925
4513
29518
14809
25577
12129
7978
7265
22285
3036
3971
19052
19772
16718
14038
27747
19951
2536
13305
8394
22972
20210
13122
7646
9549
852
18677
3417
25437
28563
20747
13154
23149
25672
28781
23277
16506
8841
3780
24544
3378
28606
16575
12486
1492
5999
19596
6765
24503
4523
10197
19514
6115
22877
5337
16311
4994
28978
6864
26158
20023
29304
28867
18950
20356
25357
25977
17564
25586
10553
23133
7243
16731
26981
20995
14909
25343
11308
22994
19002
8190
25722
6938
21180
8926
3654
26386
9054
16514
3686
19705
12470
8499
26820
15075
3044
12676
7341
26362
4899
2080
17275
4253
18133
12753
8698
14827
10190
21914
17075
19820
13052
9684
9456
13924
5318
12918
11615
2048
27450
9285
23757
10527
16772
18377
28984
6523
11554
10287
2089
2196
911
17795
8540
23076
17238
13545
9925
12085
23173
18747
6827
17910
26921
27002
13550
654
20786
28246
18566
16096
28305
20244
15161
5597
20494
12279
4348
21398
621
29558
29292
23755
1300
2754
16794
20558
3705
20000
26366
28509
11023
1597
2771
28548
21897
15111
2912
21399
25395
7778
9135
16619
27779
20198
9271
25730
28529
4020
8637
10678
2030
9217
12798
5816
26663
8990
21231
3500
1562
29412
5097
17051
27422
25045
2238
26530
23187
18997
24309
8551
17219
29521
6023
6903
9143
15608
15636
1890
19585
2827
27145
8277
9326
23486
23542
15899
26310
16435
17486
6273
27282
1984
19630
15902
18548
13288
19768
25508
28537
9991
15468
9028
19941
10327
27462
151
6836
6851
18925
10676
7278
14339
13548
14521
3769
5498
21126
21303
2398
1512
17103
10551
27921
11575
13494
8465
16349
21369
26662
5359
19619
21458
27079
13386
28225
20899
18213
832
12265
2976
5840
22845
23610
5141
3439
14052
27720
19626
27087
12764
23347
18849
1175
4219
20118
20703
26700
25331
17164
8686
21756
24545
2063
28085
18740
13325
3305
17819
6651
22167
23003
7701
16546
19905
5366
11797
20342
6118
6682
28184
7607
21184
9628
17555
13998
23675
22654
6493
7381
12104
10459
23926
1620
23354
28691
26053
10130
19264
4807
5904
23551
26548
10074
3238
28060
23454
1216
14049
16932
18613
5332
13349
12119
21630
18440
13703
28398
1863
7155
22634
11153
9209
13078
7690
1792
2069
7615
17281
7026
18986
27942
26146
28237
21874
27508
9327
6953
13789
28333
20182
11395
7855
20246
7550
22591
4902
22338
21005
16973
11425
12910
9441
17154
14800
8852
21779
9835
1126
21706
25553
1554
25519
27048
7162
17065
12767
23474
24219
29488
26039
20424
29775
7163
12162
8896
16479
16858
4004
6403
18658
7448
14149
27834
19064
4028
13542
6684
11667
4859
29325
14934
17874
20259
18800
24961
16916
29618
23387
6306
20834
2219
4891
7916
4613
17892
1068
23698
27549
22693
24537
6
16443
8441
543
8703
29082
1756
22822
21812
19168
10588
20672
27550
23401
23806
1301
21476
29991
26145
28057
26151
15979
10793
29236
250
7276
21052
3145
22349
1417
10742
19306
23707
29020
17435
9669
13841
29638
8626
352
28029
9160
10386
10314
5529
29495
10481
6883
12979
26909
14883
23820
884
29771
1865
16714
8464
104
10840
27535
130
25885
28600
7867
18455
18412
23134
22971
18353
19285
5788
3647
12637
24098
12874
25743
27772
9310
7680
26094
19627
1010
9545
17610
7529
14858
2408
20167
6461
4849
28077
27847
18244
12309
12485
5244
27362
4429
20985
29704
29859
20581
24495
27604
25899
24291
23513
583
18107
12696
17085
20205
24377
261
18636
20006
26144
4826
24789
10088
22932
17278
25906
29983
15599
8750
29826
25710
23313
7268
13546
26327
8039
29373
29979
15925
15405
15054
19485
11504
24011
9912
3070
11609
22420
450
10171
17681
26426
20803
24882
22082
17035
8817
6779
21410
7118
3752
24670
27452
14310
27610
7160
10625
3165
29725
16754
13149
17992
21879
19660
3949
24034
18515
10938
21271
4583
17205
8429
15987
13889
19321
13100
6835
16911
27192
8293
11405
15751
10550
19038
20972
16834
6171
27866
29864
6925
14702
24045
26395
2505
4625
16674
15775
22213
366
6509
29744
27082
26149
15353
6885
14767
12825
27289
3637
12735
10334
11984
6377
28235
6242
9409
318
2061
25212
27441
12303
11647
7256
23729
10468
15816
17333
10237
10419
28046
1994
9339
25376
11378
1777
6945
528
2092
19691
16224
20034
11569
7887
12938
28096
25571
5274
17578
12545
18989
26314
2572
10519
17430
16300
4362
21586
6669
10006
25780
19254
19974
21006
16438
1634
5083
13399
14832
27333
26336
26430
3065
3844
25028
15579
27363
15869
3977
24271
26894
7878
5780
20767
15571
3718
7851
24296
24792
20026
28200
27771
13810
1866
14254
23186
8952
12744
127
20874
8668
18037
8279
18958
4066
5569
11419
7502
1396
4744
28107
2058
19465
19586
10869
17869
25254
1486
10175
23201
22514
3431
4358
4144
12877
22519
11267
28478
10069
22180
28030
6131
26293
3560
26695
7079
19464
17354
2530
20922
24536
1297
15386
18724
25921
29820
26476
18880
25934
12329
22692
19964
20638
11755
11194
23405
16757
10119
10737
24114
4132
14307
7534
3161
19209
10420
20619
6337
10537
24068
2683
4557
29188
3515
21583
25612
26109
26592
5171
10225
17507
20586
5471
22714
17499
29600
4267
12436
20705
3990
10004
4694
3383
3493
26713
12932
23777
11653
1146
28780
28020
11291
6748
1921
2878
1575
6613
16902
7418
16229
16250
27982
152
2128
25631
22452
3241
13046
10247
21970
5525
23033
23741
26768
13529
19047
12001
613
21561
9723
24042
182
7208
24274
15114
27824
24329
17713
25638
18615
26174
9073
1366
26885
29663
3135
1969
7707
8162
2985
348
14870
22343
16788
26744
8746
26611
4346
8379
15919
8687
4088
13041
24130
8180
11282
20777
21222
3455
21895
6694
4161
881
3943
15856
520
19975
9323
24807
27570
18216
28521
10743
809
2663
275
27463
16927
26510
165
27092
18635
178
17182
20230
23046
10500
25803
11813
16570
11080
26906
5206
8936
28997
18057
20261
10493
29717
3497
10855
15591
21306
170
7716
27647
23492
3206
16566
12199
22515
17324
16170
1523
817
15859
1746
17944
25599
10414
13269
12421
7293
12438
5611
4541
8262
2999
8725
29339
11814
13997
5655
1748
1105
846
8915
25366
23264
17180
5972
12243
25583
15250
4321
11441
12239
21531
14270
10946
26754
11237
6348
230
29312
10961
6847
23393
8901
7896
14613
20832
14734
28710
25270
12602
26177
9526
24201
29705
2590
18041
19091
6922
6026
27302
13783
14500
15133
24620
5084
26564
28339
3712
14691
896
26361
28571
7401
15177
7378
22684
8784
12056
18030
27584
19275
10859
25987
22068
16905
20086
7524
25567
663
19123
1018
11077
449
28429
24851
25085
26553
11115
2010
12285
27858
13472
16985
27374
5998
8232
5245
12120
28877
15938
420
27114
4990
22527
24886
14269
8401
23630
10371
5589
493
5667
17174
10595
2341
23821
17347
16304
23013
1737
18367
6336
26759
8077
17078
2729
27160
23238
25896
28570
29949
6723
12061
804
17956
16451
21635
27475
29009
5614
16395
3452
25361
8286
19991
29596
11398
19433
13369
28998
7151
20329
85
4703
5842
11344
14083
21790
5940
22499
7441
20315
7082
14
26283
18945
3634
9726
1855
18639
13182
16256
22792
9385
16134
4375
564
14242
13263
13804
8737
12695
25745
27370
25607
11251
24018
20087
10985
21127
26575
18108
28874
25993
24611
17149
8934
21929
12660
931
16928
7880
13049
11264
24216
22704
23425
7776
8759
8320
21649
2406
6257
21693
10548
17109
141
587
3572
11678
16247
687
13409
18861
11829
3526
17185
25419
26841
25442
4961
17429
20572
19296
5527
23792
4053
19200
2237
2928
12949
10669
29473
2963
7080
7934
11581
10814
10977
21620
1365
667
2796
21579
7101
22601
22809
5463
12645
28783
21448
859
10060
5003
24356
12835
20050
15583
805
5266
18990
17737
16917
28368
27393
4419
27280
22236
5224
1190
240
18031
2292
8347
15959
13622
25733
5789
23702
9251
27198
18145
21383
1174
4737
13018
22404
28213
23863
2811
8174
13161
16183
2423
9259
18637
12776
26169
17094
6602
14712
18592
25840
21781
12731
23657
13826
14930
2818
17212
27946
21611
27627
13963
11173
19244
14039
28902
12614
23634
2490
11721
7752
21858
25596
3993
15101
19830
29081
3529
14961
6773
19787
28972
27484
20725
23380
9944
28693
16086
3050
23984
5744
24401
24488
16550
14315
23455
8610
25134
27566
27574
5538
23197
13914
27163
3838
19286
18601
9918
20394
113
7175
4916
27399
12447
27718
12308
27188
7696
265
28145
27097
11356
16386
6234
14703
20381
21954
13564
14660
23752
18756
922
14575
8739
27735
18788
10896
24362
16152
16719
13773
12325
10478
27110
15050
24007
13855
939
25379
1695
7296
20191
27538
29264
28353
23153
28347
9315
4750
8622
11158
22080
23390
3424
6097
19262
3862
5338
29696
16784
11802
16140
5075
20749
10608
15389
28658
14306
15400
20917
24303
19249
25511
1083
25123
27597
28375
2451
11022
12221
29827
4142
9295
2721
5925
17556
1614
20505
1530
13487
11048
1294
21319
17009
21709
9343
174
18059
24176
22922
29825
13008
9517
11858
3063
2362
1988
1434
18642
28657
1844
22385
20573
8200
643
7087
29872
27013
6125
1399
15006
28341
9297
23448
25178
2351
13543
5045
19359
22768
24808
13639
15600
11054
6951
24846
29768
9466
793
2484
5429
21245
15197
22337
2465
9975
4329
2485
9624
4948
22651
4886
3032
10345
10724
16508
14072
8508
7697
15526
29798
21600
12300
19389
20345
21288
28861
24160
29087
15275
28506
26281
4781
9988
23071
7282
11877
2336
29237
24335
23835
11981
12992
2698
25975
2009
28631
15759
20759
20379
15451
5539
29071
21940
13852
10619
13724
488
216
19044
21120
11834
16620
3789
4649
4394
18897
5169
2121
3472
25628
21179
9974
8670
13511
1471
11097
17662
26753
15999
13037
27693
15955
19293
9189
23782
3829
19502
27336
23289
23710
10145
18153
18344
29821
17511
7030
11296
20115
5302
1311
438
12678
11835
9623
128
29066
12723
29006
4441
17268
22220
10299
1393
20754
15192
28688
15609
14671
28557
17712
18261
15930
13912
1680
23382
22321
28674
11216
12575
123
18456
4372
8045
17183
17473
12460
4778
20847
24264
4049
16122
13600
3595
2221
7919
15891
17228
25393
15366
3359
24478
19488
10284
14222
29569
4521
20659
25783
20738
11268
23098
7012
22090
21305
25394
28201
11351
5837
13853
12376
14333
23367
5157
18729
8870
9111
23537
29769
27054
6997
16058
16432
7882
3517
27394
26088
17907
24313
13867
16486
18870
16592
26290
16791
5613
22036
21956
905
4716
24860
574
18066
11482
1511
14187
750
27911
8755
12857
16468
9173
20731
26525
4506
15632
22411
23756
24898
3024
21935
23202
19022
18985
19372
16394
27360
20264
13416
2879
26196
28501
1879
4999
6345
20665
4879
6066
10329
27557
28756
26228
20400
3105
15643
26691
13199
12777
2065
5155
16860
1960
21385
22963
29346
1837
12897
11306
20099
14345
29672
11963
21999
19548
27310
1903
1275
23124
9037
2324
27103
5204
24145
26252
7673
5413
21694
21864
782
8462
14244
16962
10631
1891
29871
11920
16331
7571
21264
26792
3904
17163
11696
9679
16077
24927
20695
15758
6623
16510
3067
19058
3321
12292
7308
26418
138
2671
12137
25127
7813
4042
10040
3055
11453
8023
11029
22203
26441
2506
24231
28386
11093
6044
7063
5481
24005
28804
26871
29788
25167
14756
3699
23470
5892
6329
19412
1776
22696
27671
4445
7559
3891
10177
18251
3644
15532
29115
19811
18063
22295
15762
338
20018
24301
19248
9273
23647
2965
1774
20766
20666
19852
3415
6246
12262
29969
409
28809
16083
12634
24385
7755
25640
4260
6926
3346
16874
19141
26200
24732
15795
8920
5496
5000
3438
16886
29815
26616
8469
21197
9352
8018
17771
143
13125
8807
24657
23397
25488
7104
19764
8066
19497
17294
29319
23541
23917
27305
13406
19230
19116
8430
10736
21457
18727
22952
24647
25677
19222
22678
21884
24795
16989
566
10189
29135
22774
20213
7206
21019
18014
6696
8777
15824
10155
25003
15736
19635
25675
1989
20181
24033
10530
6830
29973
27352
9136
17292
29057
3928
18490
23035
20418
8582
4705
20531
28675
3138
3791
26122
25487
27705
15768
276
25833
28400
7743
25172
14021
4955
19676
6076
17534
23126
13214
19672
20501
27095
11519
20802
19652
6807
21168
4345
27986
23181
15398
24787
19093
5903
15525
12369
10381
17023
2875
16684
9790
7957
11345
23044
4374
12739
26048
11550
8220
16821
13779
27932
15750
5566
24516
9717
15996
5957
16384
26936
26299
13692
14405
17414
22360
8804
20146
3189
24687
13479
12093
11314
16427
18508
8240
10777
23175
2142
14169
13287
8498
3361
24134
17244
8805
28721
5778
12916
13429
8369
1454
18257
12385
62
2386
26246
5574
21816
13714
2746
1823
20942
19561
26311
27970
12346
22072
13798
26422
15027
7838
3116
24482
20820
20319
1188
1967
17317
14921
11026
12810
26988
25328
501
24836
25053
22838
28652
4913
11716
16501
7251
3277
28746
12117
24269
19815
8431
21516
1024
18105
19008
24395
27379
24272
20530
29599
28468
23414
195
1453
7702
24814
12393
11521
4127
18689
27359
14390
1951
25042
6448
13599
14350
24416
537
12948
9021
28709
29426
23853
290
496
11056
16009
13539
7575
24468
25707
20612
23000
27511
17201
12993
19069
20689
17554
25130
2969
1221
25639
15051
11663
28168
23399
1342
11071
4246
5537
24661
13488
8031
10538
23469
15241
1501
25647
24225
12565
17859
8036
24936
18449
4022
4077
18316
18767
29847
6821
21881
408
98
16414
26964
3670
2082
17398
11160
29000
24215
5459
324
2987
810
7136
29144
25673
8589
16370
29534
2108
1785
6770
27957
18103
13870
2444
27258
9099
18998
13120
14571
7464
29435
21637
2211
27838
4497
17656
9525
27984
2456
9656
5724
27985
11094
9853
1981
21582
21374
22506
17359
10755
2949
16538
15172
18172
5079
10142
20639
4486
22276
4229
4681
29441
3467
12748
18626
11604
26020
20500
15480
24427
10388
6637
27416
19837
22505
20649
25721
9782
5750
15502
15957
24263
12611
25822
28326
4337
9807
18891
16219
16308
20916
26990
27091
11437
15239
4971
4008
19405
6795
29740
13993
4040
5733
8466
20824
17000
3852
11234
29582
24542
10536
26537
7852
22442
7600
24180
6099
13536
2124
19171
2568
2402
15288
5694
8303
3889
18270
21856
6307
29580
1451
27602
5835
17353
28151
16922
14503
27304
23694
11402
9093
27826
27124
19821
2509
29416
10294
7238
24799
21223
28167
18049
2612
25457
15470
13410
13698
14147
3593
19133
19103
3232
11989
28918
21913
6031
13858
6121
4166
27351
28413
18631
12792
20708
2628
8143
4325
8993
11014
2276
14639
14403
28262
28860
7103
20980
8530
18706
18484
5010
14177
14176
14035
6387
2717
12584
28915
25852
23679
8868
26062
12700
8625
24696
22616
26614
19353
26436
29047
7057
22223
15908
4368
15648
11151
10394
10082
3824
13055
13631
7868
592
10096
22381
28990
3635
14111
25136
12040
1243
20025
15540
11736
14476
14327
24047
8086
22604
5055
17609
8171
5944
26409
3879
8367
5707
23292
10865
14424
26153
17543
116
19367
14865
26813
20897
8984
12665
26363
24198
22135
7490
2021
22118
13011
19835
14805
2644
18574
14347
27677
12840
17896
17893
22207
5478
24768
15847
6739
22779
29099
29761
28034
8576
26654
29046
8438
25625
17750
11750
29217
21800
14918
3897
2706
20592
4140
23216
3933
11078
12608
27366
7482
25035
25084
11601
10825
29421
12122
17572
24583
8006
6450
2904
20143
11230
11266
27406
22244
24671
20288
19789
20444
7739
26821
27634
18111
14392
808
14565
20417
7158
18798
4989
4259
20141
17727
22641
2399
24694
28834
29911
1718
16319
9340
21220
23524
26930
16050
7202
17406
17647
17679
25418
28827
26863
16871
22966
17588
1542
15121
23950
21138
17668
18101
3042
12838
21489
28835
10504
7926
7642
22593
10701
24867
29622
12630
26508
13788
9102
3761
16113
28149
527
14231
16699
11607
5376
26798
17105
26152
12801
5850
4831
28094
4560
23194
8912
7436
29538
22350
10227
10609
28948
11785
28190
2497
19886
25202
18369
16519
24306
20363
7604
23452
16282
17427
18887
5600
3078
26692
29354
11107
4288
28255
10290
12033
15739
29102
17248
24576
4301
27277
21722
13532
15976
9642
17402
10319
695
24626
18685
375
17533
23344
18134
22322
11689
14645
11324
14607
16676
28714
20711
4231
17589
16020
7174
16160
10143
9334
3303
25584
27371
10065
25701
9024
27367
9557
18651
29963
27524
8581
28155
26317
21313
17930
12183
9812
2187
18860
27823
27003
7699
15920
25109
23318
8696
6744
13095
11161
23936
16419
19421
24674
899
4093
21238
19486
1733
17203
20425
10366
20480
27795
15057
13910
18652
20403
23242
3713
102
9751
27340
10408
29951
3095
21998
6785
24911
23021
19645
29978
18291
27717
11337
29867
8931
7326
21597
22412
7719
3113
982
10696
15551
9562
18874
12317
21111
525
27123
8424
18919
796
13899
6134
22108
25234
22157
15601
1917
22353
727
3484
4845
24008
19231
18539
3261
26734
4464
28518
22912
950
15590
26812
10198
7805
22622
14464
8412
10917
3073
16535
4722
14401
13512
11116
8785
24396
17125
25858
22498
4135
15380
21472
16347
29340
1262
10122
10665
1149
28205
12775
7392
27125
18886
4599
16740
16099
25197
26163
24434
8876
5295
14326
6445
3269
12816
9207
12043
20956
24088
7888
9939
17012
14605
5563
7786
4316
28888
23192
28919
26918
18889
7483
2475
16502
495
22230
15667
8635
16500
20883
18082
5015
13109
9023
8447
12880
13722
29475
2804
11960
5123
18468
24663
28634
7480
23072
29442
2407
7900
3818
4071
3028
15235
3449
16334
8709
12251
4063
23012
17112
984
14690
24083
29687
18722
15552
8724
23398
11494
14205
2096
6440
6018
24079
13039
8444
10426
11248
1627
22014
17484
29900
24550
7655
20323
19559
20605
5711
20790
29595
29400
18759
16130
1327
25090
18342
1066
11035
19104
6820
17307
468
7290
28120
13456
7275
21688
29917
4216
24368
18731
12155
23244
11771
27261
676
9950
15641
23152
14062
13220
20284
6510
10361
23888
20574
8175
12284
20028
17844
9829
23761
25868
4222
14726
6101
7301
15168
9233
21496
7909
11315
22465
8928
20554
26074
29241
15157
13877
20096
18375
22819
4151
3408
24448
21612
16792
16634
23970
16999
24809
23571
24797
24459
27632
15635
13771
7399
13323
27421
5938
17320
944
8245
8208
16615
24968
29487
29611
7849
14718
13128
5689
12223
19647
7419
3739
3216
28649
1767
29699
3600
27950
24858
17433
25397
14594
9078
25058
17262
23488
13605
8338
2193
3926
22168
497
23889
29522
8226
12306
21777
29343
7769
13927
21832
13758
4014
21521
20149
10110
19872
7307
8789
28547
13790
29883
29015
3209
12400
22345
16727
23708
14841
19203
7596
8238
10860
29309
21925
26050
17053
15618
26199
5813
5736
4623
23827
14123
2613
13461
3981
8690
15805
14914
24017
1657
16605
22565
14458
28528
2957
25568
4352
13362
12677
12444
21517
15610
26764
1088
20758
24784
23640
28350
16797
24015
17545
10223
17458
1640
2618
11901
17818
16298
12550
436
4187
11767
29724
14207
27539
11471
24811
27542
17969
19392
4425
18622
26249
26923
21510
20983
2584
29221
619
25943
25245
28567
14745
14516
28263
23660
2272
9215
28764
11673
3211
28199
6941
13354
22288
2288
313
19942
3939
9662
15234
16730
3010
21945
10945
6476
11380
8027
22916
17575
3051
24667
2626
15402
23331
12193
5875
19080
19710
10542
24074
3314
8142
21182
14043
23627
7371
29110
8821
1391
8961
477
27540
27514
302
28926
249
21911
12382
20047
18238
11439
26882
26448
5335
28906
21990
2600
26766
22016
13837
19531
28256
22031
22907
29322
2888
24752
28653
7665
14729
15401
5767
16691
3822
17107
15981
14994
16440
9560
12984
17449
11138
21751
7263
4096
26633
7191
26941
18665
18019
14237
25692
330
16931
26209
2755
16472
17693
16233
6549
21389
358
16756
16635
18923
23536
4471
15975
9559
16540
13636
25001
3199
6233
18447
7390
29032
20937
23750
15475
23781
23712
28743
26421
7794
12588
21011
3882
20882
4813
8442
376
26296
13086
11187
8707
3929
22482
27418
14926
15
3479
29824
21731
24561
3726
10380
7411
23769
1367
3583
15098
16803
29333
23020
19829
19496
2114
18488
25338
13688
9280
28881
2526
23049
9652
24217
24773
24164
4152
12087
23850
1388
12501
13289
29715
9062
9281
5860
26600
9321
13126
26556
24103
1843
24232
4524
23038
18693
20908
11429
2037
18388
4177
14738
11120
23590
29465
16173
15332
20525
10259
29138
22206
23061
430
13640
2982
14680
3151
18421
10586
11343
21672
23215
10123
13346
1155
16924
25220
25261
16798
10477
10907
11679
9691
24177
16285
1145
14446
21471
4001
21646
11967
21798
23476
20341
9187
21425
22863
21461
7304
1828
25905
20013
8898
20815
29946
26396
4931
14722
15440
5560
27201
21311
16578
25504
6738
13537
24380
16666
23210
24023
29593
15301
4866
9940
8528
29219
25651
11570
15195
4468
12782
1462
13436
10725
7253
23874
1442
19575
7677
22532
9667
24513
16108
20954
25032
28833
5507
28816
29253
5704
8136
15676
10127
25093
6597
29800
28421
8561
15623
20557
6431
12360
8632
9732
1269
4306
11304
20732
24156
491
22324
27996
13840
20234
1625
13042
20843
15340
8704
2681
22307
1437
4029
25186
10304
2773
24004
21527
12995
14636
13134
12642
10279
20635
2195
15461
11567
1056
3941
24607
19786
2638
24614
23976
9566
29266
4395
8212
6144
19573
15064
1987
6389
10187
14808
14871
5572
1834
15484
13828
18079
18337
28914
5986
5812
5242
14206
20652
10210
18974
14134
17265
21226
22575
13208
16166
11024
22573
26586
21433
20035
19009
29106
24112
10148
19965
28466
10939
14499
13146
1681
25409
18901
6264
7259
26034
1282
24539
17231
9937
9101
27729
13133
11156
25752
10991
2315
7
21938
23068
27191
2431
4569
1507
878
10952
4281
25128
29281
10021
26746
10226
16102
17383
1978
29786
167
29178
25268
25386
4508
6210
2616
26475
421
3235
27760
26437
29608
25060
5059
15992
11817
998
11927
2692
12893
7812
17931
20080
3522
17535
3397
2448
14138
21269
6198
24862
13699
14486
29661
26619
24452
17502
21131
14427
15664
25827
10184
13507
21124
14951
8111
5214
29341
17916
22258
4910
11260
11172
2574
23028
19227
12587
3448
10975
5872
25450
29468
652
20823
21193
25749
28312
9261
25883
28599
17682
2892
11996
4617
11629
22011
11025
8183
9049
9107
14090
20278
1064
28672
19894
26996
24381
13814
19731
4662
28109
10682
14836
9936
23743
4355
11995
22449
27156
22112
8620
9500
11480
5863
14953
16641
24064
25581
26704
4255
19301
10994
26215
10295
16268
22771
6312
25971
12133
20565
14497
22002
14078
19194
2858
21064
2921
1343
21278
23355
9368
7092
24278
18814
20279
1522
3861
27101
14567
21481
20776
2034
11780
17868
23748
16445
2262
21440
7963
28272
2319
6040
24092
3853
2141
24948
1299
22060
10594
13965
8534
23034
18264
28776
15699
13417
1740
4717
1568
24511
9033
29852
278
25174
21901
24866
14799
28324
2821
11034
1267
5843
22469
29882
13327
3667
11992
285
22097
19697
21191
29262
10681
1751
23027
19120
3503
16158
3326
7634
18201
12544
5074
21192
3720
19040
22416
18094
10581
17648
16412
15183
22456
414
22841
4454
7590
5969
18519
6231
14705
4402
3285
3553
28850
11032
27578
24057
17561
3096
15233
5133
25557
10912
44
12181
2152
7518
15510
25842
28435
189
10258
10423
2864
9320
1716
16981
12790
15573
4128
10849
18276
12165
16986
29734
29142
6153
4624
1631
26067
4966
4131
16993
25969
24320
7099
25166
20362
2845
24975
10563
10089
8697
9407
12937
4280
3501
12008
24086
27868
23166
15302
15244
67
3136
6867
6351
6247
17725
21418
16377
28553
29096
21907
28704
27089
25463
23709
7369
8355
17617
28456
26291
4417
1822
22101
11527
25209
9474
29843
27967
4250
5954
19029
21518
112
24248
28191
10684
11064
9852
16670
14746
24358
21530
23891
8467
9053
7078
6199
3011
21720
23274
6979
909
28696
23286
12515
867
26913
10046
24756
18056
13202
25775
25645
3871
29348
2830
20988
23664
6679
3444
14127
5142
25670
11092
12972
508
27026
16367
9146
9505
8738
22569
4724
12350
1475
29055
4190
20961
8070
7028
16737
16336
22096
8315
5598
6661
11175
280
17977
25668
22581
17380
6237
24465
18703
22249
10415
9129
23481
10914
7681
6020
21462
25478
28135
25152
25198
10900
10650
10534
22086
12352
486
26738
5357
13104
4820
24945
20232
2650
29551
6828
27085
238
14319
3202
23969
25415
3576
13749
2664
8112
8846
3335
9201
25904
11013
5901
3038
29060
12789
7432
10753
24456
23441
17760
2169
11119
17341
22570
8177
13984
22631
685
18230
888
29482
2204
14009
14074
22399
9630
9766
17709
3052
13309
19050
25560
9675
4941
26023
14027
9243
7438
23764
29215
1595
19450
15584
73
15379
11155
25108
1445
12039
6566
9345
29680
2924
5851
8749
17657
13646
27377
29422
2385
25801
672
10617
28360
19479
870
10515
21855
9594
16964
1001
11861
6755
19793
29198
14283
25892
12054
28317
8808
7493
15376
6138
16673
27658
25027
5473
2138
3246
27642
22209
13401
6343
13387
10981
28724
27423
16882
4772
16153
26511
6067
11682
8892
17017
8409
6304
13002
24257
3841
7923
29835
21544
6873
3426
5953
19407
2213
4834
6907
14684
22326
699
19611
13376
9242
2769
20428
14257
18072
260
6334
18062
20203
9117
981
22669
5315
14146
28439
21839
20152
7552
7454
27948
13072
26520
833
27694
8285
15711
27024
19580
4083
14661
28115
23225
17884
9754
7286
27030
9657
2410
25623
12658
2201
14846
12621
14045
8234
27355
597
11555
3950
22935
18726
14189
25431
22893
951
15813
27139
12670
12702
24508
27827
25414
3641
19383
29378
23359
29181
8235
6588
25427
23335
15201
17504
15815
10170
14615
11440
23678
3611
2464
4342
23516
25117
16713
3107
13844
11737
20439
23024
29065
1468
2203
2331
25851
6212
17911
18011
24552
15688
8163
3281
20423
6891
16019
29590
4122
19926
9446
24646
17603
18373
11118
5672
2766
18828
1459
8219
28845
22800
16875
29080
17723
25517
18317
24577
27697
15149
7770
21189
24405
5731
4661
27237
28830
18859
23266
11674
4659
11241
16240
21844
11222
12864
591
26334
19239
5494
18124
2271
9066
2335
8573
8046
29774
2563
12779
21041
12791
5920
8711
22757
26686
5992
5804
8470
10955
24321
16000
2357
9646
24318
4285
3711
25342
12461
11485
5423
25444
15136
27501
13816
398
12379
24364
21703
8381
5871
18994
6028
5886
21255
27245
8049
21540
20809
2937
4656
23960
11832
25086
3562
10995
9039
4864
19642
22290
5962
9196
2689
6430
20171
28146
26005
569
28236
29881
29361
29814
14377
682
27328
1926
3830
2510
25387
640
5441
1171
26282
6357
4881
4690
18959
15893
472
9333
7127
15886
19142
20293
29964
15084
18177
8722
7236
12130
29898
8297
19784
11426
26834
27341
16781
26524
25535
23776
12954
2434
2667
22849
14017
29035
29713
2098
27162
15800
19157
15141
17116
22234
17742
23661
9571
296
25656
26360
28656
26348
24762
7295
17849
28735
27071
5365
26256
23008
738
19685
8747
28127
14472
7625
26100
24821
9876
4522
20921
23985
20008
136
8187
28351
4537
6808
25485
27395
20736
4305
18704
4098
17058
25477
16188
648
15427
21737
19861
17062
12541
26741
332
8964
22362
28426
585
18789
29050
11399
6408
2241
22164
21244
28760
16095
1878
27837
4795
17967
7891
2805
8688
15119
2160
898
13791
17102
20576
20504
2360
25255
18061
9813
10717
15519
15885
29095
10624
11486
10857
2056
9615
19519
8472
978
23243
26481
25836
5395
16372
2395
17732
24734
8612
1914
14491
2243
14815
27835
8794
17308
76
18866
10947
15010
27971
17133
9144
26433
12492
21623
5637
21951
1320
18142
22401
13878
19117
29954
3428
13458
23906
23613
11369
20189
21988
28103
10819
15339
9269
20885
8932
6603
17198
24330
23725
25333
24140
7572
4460
8083
7346
15188
6401
26730
14400
2008
11360
11661
4011
4616
17789
9855
604
4443
21625
5680
25360
24754
2462
15799
5777
29227
21971
6189
17189
18903
15412
20737
25665
22049
7511
16310
22959
13355
26868
65
13689
26830
28716
12321
4116
368
19218
26180
16724
8816
7611
17364
28622
7165
10450
16767
18411
29213
12084
18081
6486
22977
25281
29957
21239
17691
9948
24639
4726
19963
20863
15322
6540
4282
29634
11159
28577
25364
25859
19140
20945
7062
13020
8523
25740
8549
6869
21045
15596
15102
25550
8035
7350
29652
19255
27522
380
7587
11003
23199
12579
4413
17733
15415
26947
2132
18717
8378
6364
29438
16269
1898
5377
14577
21578
11729
9427
3621
3194
26867
22046
12166
25211
15268
23870
8457
21930
9006
15350
10628
28459
22478
26198
18708
15841
323
9403
17600
25947
12928
16010
24061
17745
16318
95
11753
6636
15713
29733
12796
17770
14595
23722
6767
12707
9483
821
5255
8989
1054
23085
11305
7723
20236
23053
3826
25161
22997
753
10206
26454
27215
27644
11875
25040
5117
255
22794
17220
28212
18024
21437
8014
29497
15880
14408
13898
20300
25311
9960
27327
9087
3436
28100
11657
22063
12615
6825
28298
9607
18318
21576
26582
3405
16853
24493
25063
23039
8384
26136
7224
14080
7532
27386
13916
10280
1845
43
10250
14217
7486
22607
4903
20103
25604
9332
15227
26018
16034
14264
29974
6010
24788
322
25589
24441
2107
3821
14440
13093
27739
18339
4006
16734
12139
3689
16391
7086
20399
23122
8969
2752
11652
1908
5936
4393
12814
24048
17200
6029
22374
9777
18029
24361
15753
29048
5258
9551
14436
7981
22639
16604
15792
25218
18311
24293
4969
22388
3630
13742
28128
27680
1212
28044
13850
1228
11045
16029
5776
28648
23138
20699
10741
26341
5545
6313
23145
21091
8266
19207
12149
5918
10087
21853
10990
18620
1880
2547
23836
5848
12555
19178
15162
4767
27235
4191
6215
18255
8873
19718
22229
22292
25142
11225
979
7935
26253
3072
16688
10820
18237
6050
1526
20514
26970
29133
8157
21533
18922
26306
9670
6579
7833
27301
23783
12884
16909
19745
5380
8345
8679
8451
23858
2225
22537
15492
2763
12252
20159
20452
23273
26680
21718
18263
23667
24848
7246
21177
27755
15342
23961
21083
3967
22529
14051
17208
26036
2185
29408
16649
9193
10179
2325
10992
15265
22039
13890
21116
27927
558
6078
24195
5453
26720
21830
27920
24912
18664
576
19984
21713
16741
4809
13880
21280
22333
3518
20375
3973
24538
9490
12128
12430
11645
4081
23011
11087
13111
17573
15125
25565
13097
22759
22558
13294
4199
28039
97
5321
689
29846
1970
25107
7549
2535
18331
15176
18169
20125
19018
7740
14766
10120
24727
28507
14946
1883
21294
23842
26369
15828
27368
2549
3966
3103
3623
5952
10181
5612
9076
11855
5623
26042
5567
28512
29327
22354
12019
11176
3353
8327
13563
15852
27093
19308
25855
23740
10446
19192
15848
28697
8407
1707
27388
5238
3628
16825
71
1734
6137
6529
16057
10733
14793
9106
214
11051
20291
9702
28955
12525
29719
11928
5417
4400
28355
2738
17888
28160
12694
28165
23090
14259
24227
21878
17351
26961
6657
1328
13705
27005
8786
27803
4823
22568
5400
27155
378
24369
29499
4643
13403
203
4677
10305
9480
25773
10781
9044
18262
22987
13468
7508
890
133
9927
26358
16145
14331
21965
21668
13834
15187
16208
13829
18395
15588
2112
29959
6582
26308
23774
18864
9636
28007
21891
28592
17436
18236
27232
21823
20226
14997
23919
13734
20231
3312
10655
7946
29103
28254
25349
7979
24070
8061
28646
8148
25289
14528
20757
2184
13557
13379
23548
16053
2040
22185
4923
29930
9905
3770
8674
8008
3944
28418
25556
8474
16048
12809
8590
16047
14120
15703
18283
6644
24035
20308
15082
27331
26728
3877
23115
1474
9872
6235
13756
21292
25228
4016
15928
4997
21767
17306
3775
5270
14073
12722
27940
16752
17069
14763
24506
1714
27836
19377
26632
14496
8847
27862
5105
17616
28921
13140
28502
29496
19304
8636
13729
3658
4943
6105
16606
26828
16643
29995
518
29040
3539
16972
5648
17623
4068
17638
5428
15724
24939
28261
11706
22441
9042
22334
8501
5845
2659
8135
11616
26777
1892
8552
16934
11310
5582
17701
3586
13986
29936
4482
19803
1138
14749
20196
26835
18383
20819
3381
14990
3653
14250
2884
23552
17191
25613
10718
2239
16638
14685
10809
29886
17639
24144
16507
26233
4277
25356
23795
9634
12024
8106
9772
27141
9910
19750
20177
2468
13972
26237
1885
14724
22415
19181
2801
21989
711
8299
15443
4313
18532
4170
3128
4121
21607
9997
4535
8151
4087
11294
20938
27576
1821
16872
21159
24226
27663
27938
11196
12649
8043
419
9041
19812
20065
4975
1464
28962
6988
15377
13060
8778
14262
6083
12268
6133
6221
7416
27326
19253
69
14974
27854
13538
281
29430
25024
27227
15763
26038
2463
13875
2980
18053
7971
24645
20495
13576
22248
7354
16975
9682
20263
814
18972
24182
6202
19995
6276
27313
15043
12960
3765
9059
27445
7970
27631
23269
29267
7664
24887
8813
24720
5987
10874
27725
20662
29718
3297
18682
9820
24928
10385
19656
26482
13334
7540
289
12404
26685
5540
4481
16861
534
1796
17906
11242
1853
29972
1338
12453
24135
11965
13467
14475
28626
3441
21361
12135
25605
28093
10932
7332
10022
23271
22733
25098
18140
27209
29692
29431
2148
27176
21740
24337
10577
25244
13337
13568
23023
24692
29119
17328
19054
19749
1881
6620
20477
8415
1113
10645
28591
9235
3382
8908
16753
9683
27485
14956
16358
27861
603
12398
29305
23575
14247
23998
2828
27786
12539
23879
14678
11288
23300
4614
19494
28668
19474
26280
27504
10941
24419
22455
18764
21558
20986
21001
23685
20936
4023
27213
13809
24609
24430
9131
5725
15528
7688
28054
8773
2394
10411
10731
3555
15511
11098
15146
28614
22336
22187
29037
6008
26838
22629
5265
21229
2252
18948
22291
23865
15011
16590
3946
18387
5211
17302
26172
16716
7142
16471
3840
25291
16234
12603
3264
6598
28081
26403
9879
8152
12571
20385
22586
26185
4723
3401
1199
6910
8041
13585
608
3733
8038
28391
3330
29116
11749
1476
8359
18607
17130
5967
5934
11712
11579
24533
28126
11665
9512
9278
22150
27076
9130
9498
24143
8159
27132
22129
6833
17814
21889
19089
17553
10710
28116
19688
28762
20510
24601
10882
7735
17151
27334
2417
5626
13319
6506
9393
24986
15009
29366
28471
11444
18004
18409
7506
15314
13435
27615
24783
1663
24213
21371
19446
5193
25033
12892
13237
10466
9347
22251
17367
20596
17897
2525
21352
23234
18646
2039
16309
4663
9737
8084
13471
22400
13571
28737
29813
25930
3530
3617
14786
5262
15660
18537
26232
21349
11058
25303
27036
21242
3527
8405
18028
12377
18781
8342
4756
4678
25101
29589
23209
21927
9880
2840
18899
12196
25629
24546
23487
3659
18779
2455
18199
1516
19756
24214
18797
9554
8088
24199
29302
22048
18302
14789
6086
20197
17334
22847
1985
11020
27099
1380
12205
2952
14955
24587
25874
22615
19212
19048
3236
22210
14325
18432
28376
8803
21233
7591
6175
29455
5949
9405
21588
21554
12532
5134
7588
6660
14362
5034
6670
7226
10150
28203
28769
964
22635
24247
19755
13366
9686
4711
23137
7950
1143
4138
681
16021
20430
22418
6521
26999
29533
22697
13936
12016
26735
18091
17625
6931
24013
29175
6270
6053
23851
9722
16879
2338
27217
3079
19874
1397
19487
3985
25837
21298
1293
11432
12411
5044
8218
24371
22004
13491
17246
24314
16596
3920
17978
1955
27788
26438
2817
25353
25240
19901
10702
12457
18451
2665
17820
26699
6093
4120
462
28596
4129
28188
17322
18473
1326
17271
21963
16317
15335
20019
3514
24741
18841
25632
7395
12186
17843
29061
8239
1632
2939
9260
2258
4657
27229
13244
17170
22791
28061
19263
19570
13819
27223
17218
12772
7431
12684
28422
21129
7230
28348
6062
28603
9353
14585
23430
4960
8485
15982
28220
26046
22906
8176
12201
29064
25978
10321
23171
25617
26340
3130
7400
28544
6581
29126
14001
18452
20519
16406
3584
29904
22642
1239
25350
3740
23317
2702
28477
11468
20867
14196
20465
1061
10771
13831
13811
11421
13551
2075
27460
4926
16522
6404
5333
26131
21710
18015
6937
23665
21139
13099
1049
7339
13420
18602
13029
22781
7252
28474
15564
5145
26284
25013
22832
26889
21187
813
11636
26717
12323
20910
28813
17263
22051
5862
12971
24162
29926
25712
3030
2758
7562
1017
7473
25407
13708
26265
13159
1079
1943
13508
15868
26190
21615
4760
28733
15605
24566
9706
2301
28894
26562
23106
4763
4635
5077
5575
19036
5501
14568
9296
22170
26120
29989
1363
21059
7195
6384
17949
3677
27989
21793
28294
16382
17942
8497
4670
9431
29532
2545
3114
8776
20601
26258
6996
19604
29709
22911
19920
20583
7551
19250
17119
14538
28052
7823
12383
5599
23291
25052
4553
21973
13655
27893
13569
11397
27164
8723
14889
16066
14091
7314
968
1502
29848
26552
28891
17720
2701
4585
11321
12942
19107
11564
26447
4180
18298
5362
12589
28352
2345
25494
23878
13978
24991
10095
4174
4653
12946
23521
16452
2679
839
943
14380
29757
18166
9449
10377
2737
27783
22339
12921
16267
13707
18630
29156
13082
2781
18278
20007
11921
24947
6275
27116
25705
19774
13602
10780
13235
26000
18418
1076
20413
15989
10153
21424
11313
28765
9413
28579
21765
6576
14490
26976
6056
5897
8547
1461
12280
27350
23538
27286
12481
14959
4289
5913
24798
4761
453
3075
8831
29844
13267
12716
21063
22076
25104
18647
5449
29555
22473
16290
7387
12138
17508
2538
6499
12962
4043
15772
23052
29481
5955
2929
4832
6702
29641
8172
11224
18871
11583
18529
3746
21700
1618
7073
27210
1109
23383
28101
24532
23860
28791
15911
28873
27756
9719
22970
23975
14159
26073
4596
17150
12091
14048
17986
7169
11463
598
12098
19426
7397
7766
9658
29147
11210
27281
10438
16203
23168
10129
7415
11010
19551
812
17453
10870
20214
28076
15849
18835
3213
4675
20744
3978
29128
27958
20042
1157
1178
2615
17495
8251
243
24193
9011
1336
5136
20287
6396
29163
17563
21898
308
10879
6331
8328
15819
2117
16045
29439
15572
21564
19173
13663
13746
24351
8051
15002
27158
10018
2607
12553
1052
3832
6370
13923
1697
15932
8646
5652
21529
18549
3123
25884
20712
26483
3688
22805
12500
7817
23272
20104
25334
15392
22571
12372
6552
17966
8811
22592
10555
754
15846
11794
355
422
17666
173
22892
25959
23556
3008
10838
17877
3865
8933
25711
26993
19889
5666
1724
24326
6087
10943
18297
9288
17258
7161
20935
25417
7844
16645
5771
7433
16270
294
3368
531
26873
15693
17768
11079
12806
4668
28663
28869
22421
24689
14853
3224
5504
14117
8730
16187
25547
12715
27577
12412
22660
12905
16687
16374
1840
637
23299
26507
8042
12229
16698
13061
17982
5809
28399
5958
6768
24393
8093
10986
6442
1026
28097
7270
674
29214
6706
13391
18697
18770
9869
25691
9277
17422
27378
24938
27241
22673
10816
22461
24774
15081
4230
3013
24202
9414
29742
7682
19177
19106
24122
11012
7455
21900
19846
17049
7760
27561
27459
21464
20301
4588
22644
23732
8580
20503
21057
298
21205
6135
17036
22767
20622
28048
4018
20448
3344
10104
18465
18659
12975
4572
14861
22023
2941
22815
18500
17615
11778
8032
7089
29531
22859
6434
3253
8542
23857
13428
13558
4076
17111
4937
9576
18535
27369
2220
26963
22664
17584
25622
26579
21272
23489
6619
10615
14608
13956
2605
8167
12866
27805
21939
27492
28173
21162
28485
8480
27376
24010
9375
20973
24950
29243
25693
5841
15185
14422
27857
9180
29767
244
23988
10182
26595
21650
29857
7325
28993
8426
16930
9523
29923
26429
26655
28968
25380
7239
3802
22116
19243
16944
10382
2015
20811
29100
13274
15266
780
11862
11681
10880
13085
28597
3969
2439
15629
7487
1788
23176
1029
17421
5253
22986
26791
16526
22363
8859
15604
15118
17490
19908
4758
2085
930
10467
7380
24555
29670
19848
7706
18614
27470
16652
29195
949
9514
24238
23369
1425
14361
12890
10856
22729
4217
28731
2004
27069
4232
21936
14367
14129
25087
7841
10559
7422
18379
3375
5831
21293
14144
24562
18702
18095
25760
15595
29002
25335
14657
11788
13926
312
19629
10458
14804
1962
452
8700
10593
29403
7516
4487
6052
3453
16742
607
24002
23980
1346
14346
24222
23316
6519
7856
23142
27972
10204
7184
6211
7756
15634
26803
29352
28954
8974
14892
26761
15827
5103
22030
15229
9621
13439
19179
15008
21027
9915
10053
25073
24885
13192
27614
5930
18210
23663
2544
526
8064
1832
18204
16657
8396
3782
5065
12536
3979
8548
545
25882
9351
25015
22709
16418
13427
19833
26666
25176
4626
555
7674
12994
5819
7214
22310
1128
3364
5521
14878
24280
18404
14354
24901
5661
24308
25438
13953
23689
8869
6149
9346
21841
22176
26210
23290
3099
24518
7047
9279
29781
12876
15545
6855
5455
15832
21366
28708
13530
18312
3551
21903
22134
10835
9387
22521
19000
11887
20521
7635
10229
17476
9105
13505
21426
18735
29839
12907
25390
27885
27654
3914
8295
25406
9780
20471
16316
23908
5391
8991
9328
11871
12681
25298
24297
1324
29461
22256
14252
4411
28005
1779
27415
23605
25919
21035
13113
25949
19166
1305
28939
11962
27515
9688
713
22444
4302
7190
27225
4208
19994
25480
4952
14904
18265
27396
23418
8127
13499
15916
23370
20772
7537
3858
22467
10172
20037
4416
20728
9672
2842
11129
16693
23132
10139
19393
15040
20704
7446
25467
26799
29105
4538
24431
2339
27572
10621
22624
12339
13516
23162
4652
27402
4104
13695
16747
14720
10673
4619
23594
4198
194
15153
15563
5434
242
6424
21460
3961
11801
25688
2611
20075
16101
18570
22471
11435
24241
26134
15640
7248
18625
27127
14896
12793
16883
12341
3884
16359
1644
4766
2064
21975
25736
20022
8456
3646
3809
1911
17779
20796
14218
19778
7808
3571
16904
24041
19982
23873
1867
13566
3783
28274
3690
22530
433
1236
27531
17471
28301
25102
1280
5502
11993
5445
19738
8639
5202
12626
3960
10325
26765
20184
7982
6625
118
13064
18366
4423
7429
6764
22274
10224
11509
12899
12717
13718
7818
22574
1738
24113
10489
7055
11030
22205
8090
19390
2388
14843
23691
16199
14556
11541
29828
4689
20166
26883
8987
27314
15998
23966
22
22271
7241
12310
26607
2198
15735
26244
26628
4290
24949
25309
29910
29470
29722
28759
13238
10248
25222
1886
13901
26986
25544
29257
22437
26462
22930
10014
18551
2343
698
465
19028
16211
14033
11072
26814
12107
2682
4887
4430
5013
6801
16039
27784
14061
6977
22632
16537
23963
28730
23165
29451
13806
17223
13515
21408
20618
10112
22901
11943
1806
13768
6156
17365
13951
26563
9741
15507
716
12755
13800
21598
1097
7231
976
28365
297
24137
18486
9911
24970
4739
407
25757
22424
10824
8701
9412
16843
6421
15047
24132
12978
19773
22430
22708
18561
29860
2041
9973
12366
8325
6074
1387
28942
21689
7964
300
773
10383
25817
15905
22361
3566
20825
16273
9317
27536
11055
18439
9733
14095
12768
29381
3679
17081
29380
23315
22812
27814
13452
23080
25055
22612
6429
23364
8999
9708
26440
11108
11280
14469
16763
22045
1195
7204
23700
17266
18938
20074
10564
24786
16361
28683
12167
12384
24310
22298
24812
17425
28896
1065
25021
26105
5693
24194
29316
25564
21580
12005
20806
2190
429
24065
23493
12191
13372
17715
12535
22839
7738
4248
19952
7762
27563
24922
29523
11061
6707
6142
11316
9043
1463
21084
2996
15613
7593
18930
13919
1747
29556
9097
9287
168
26164
12620
5249
23167
17054
14581
13736
15182
2002
19121
7969
19408
14547
22053
25937
14542
28004
7274
20463
6017
19368
12745
21227
26594
9552
24094
28679
13976
26772
3833
8673
27345
5579
19599
13752
10827
14873
24944
14368
8850
9893
27551
15348
23669
9873
18219
15369
22826
22653
490
996
6167
17138
12356
3970
3703
26353
11484
28286
24874
14862
3935
24502
28319
9845
26165
22933
8222
9681
2049
6713
10406
15538
14907
17852
23716
418
14704
2561
17431
16238
4485
8233
13292
8985
24630
26994
22825
25267
10533
8980
17747
23603
22672
29817
15637
13947
24507
6975
7342
18321
29698
5379
1033
15270
23332
12002
16448
21013
11937
13509
28851
16945
2652
12009
4603
23113
19579
11203
9157
10288
27248
11191
6600
14371
26261
21435
24819
29274
2323
484
19887
26420
23070
29793
226
6154
15559
14860
16671
25495
16242
6425
14447
15710
2328
3916
23915
16305
25382
29284
11443
23609
20606
16027
2025
27181
28281
5801
12409
26086
14036
29202
5489
16193
1569
15287
9115
21848
4780
3715
19828
8119
7663
15829
154
7317
12842
20628
13102
17948
23423
5671
2205
11250
28903
20682
18528
14654
18811
427
6289
13738
18980
17003
27930
27594
17901
26391
1628
19477
4119
24748
4500
12157
9931
27929
3272
7943
6482
10795
13780
12944
24778
18715
5091
16720
28425
27869
25909
21235
17855
8473
8410
8769
5232
16465
8880
11688
17050
3056
6463
24865
3227
23193
24179
21000
24957
20818
12197
21750
13246
18403
10081
7189
11401
21640
13155
17646
2383
1980
1799
24525
2736
10292
140
8887
27887
12706
15262
20723
2955
7654
25096
5719
18663
25872
15765
23255
5412
15159
1780
11610
20523
28821
9854
25588
4363
4332
11624
2913
21763
6438
28092
6612
4030
6734
19855
11961
13614
27154
17604
14644
21420
16925
23544
28989
15490
16826
23436
28911
10362
16159
3064
12131
12297
2306
5985
26072
28397
16381
29425
14544
21968
25523
10884
26558
9622
22579
7521
21912
17503
10627
6570
4803
12843
8941
10748
24209
19459
25962
23903
24831
15814
20274
19737
2684
17162
2555
12247
13090
4035
18327
24612
26024
8631
6860
7176
21667
27031
27098
15205
20919
6959
27067
15361
8988
350
4039
3781
27439
20872
10200
18547
27499
7297
6699
25163
3233
28527
14563
6550
8091
25432
24739
17382
9267
21257
28578
1266
4126
8213
9690
19341
19493
14336
24422
26260
7956
23974
16881
16261
10800
17193
2482
14536
3
23371
5716
7233
2782
11283
21972
12845
3681
15456
25484
3418
4015
8436
20499
19990
14228
20527
10833
14260
21715
926
6407
5419
1797
26585
16840
23868
23508
12804
23558
4387
29043
2856
18043
23655
27193
15633
13725
23240
20321
10432
529
5339
17339
3896
16295
10740
12557
11117
10815
10067
21629
20484
26274
1636
18742
9664
4664
20730
16205
6715
12546
13174
21943
11745
6223
22143
1104
12044
23037
28690
1558
21757
6411
12145
21018
1444
24055
24660
3909
10567
24837
5385
24665
6627
22148
21562
4369
357
19204
5216
5817
29996
19081
1246
21568
23411
16368
26259
1888
25618
24062
14028
16176
1963
642
22007
3919
13835
5941
15385
16175
18476
14850
27306
25808
18940
4551
22062
16553
5207
15983
2474
21486
1997
4189
5772
21952
11907
8301
27804
29791
11348
1208
4518
15338
4534
8361
25796
16216
13904
1100
13709
13813
23429
15883
10905
23239
17951
7362
4604
18733
28458
10558
28327
13250
20502
18242
20949
17067
2007
28602
28461
22480
10059
8638
27200
15143
9919
18158
21570
15152
23721
26204
734
3921
29480
21797
4048
14421
2903
10241
14000
13559
9355
26840
29149
6805
15403
19763
16455
15464
201
29545
25232
16442
10430
697
15460
16401
1004
20343
2222
16859
29137
5277
1556
13903
29287
8641
11990
5116
5906
9109
4101
9856
2337
19217
8594
14344
29834
14750
19283
7861
5787
3932
28119
8455
6230
28814
638
21861
17557
2436
20441
22257
8435
23786
22862
18544
19949
21836
220
20276
16111
14971
9643
28066
13883
14305
23017
6505
2715
9951
13400
552
4988
11940
25960
19547
8797
26326
14706
26033
15058
21569
24713
28363
17735
2291
9103
28718
4606
14662
8517
5745
15257
12471
5558
14057
16397
25400
9731
10661
29118
11747
27438
2979
15399
28552
2946
4908
16633
10439
9516
16415
15271
29753
13157
3751
13474
1378
22270
13609
25918
26312
27425
17024
5092
10853
6139
11973
21614
27058
12057
11866
15607
920
6219
4194
29031
18504
13635
8681
13172
21367
25569
7237
11580
3195
25385
5894
11476
22457
19122
21673
3085
6650
18568
11189
13383
29952
21488
28022
10791
9680
21014
26939
20727
8114
3230
10296
14160
4272
24370
20137
6103
21365
10887
17726
19235
25026
16393
1298
6160
10988
23004
26383
17778
20359
10674
24044
20658
893
19600
22588
20106
5758
5543
9740
13169
1151
20148
29693
157
29879
28559
13411
9985
13674
11219
7595
22254
22296
21749
2126
18067
16460
3842
12332
9963
2427
13107
15617
18498
5246
21736
14478
10075
26627
21265
12266
16773
20397
16974
4847
24717
9430
27628
23749
14002
27509
13501
9003
13988
12854
3540
13156
6896
56
10540
24404
70
15933
14900
16850
20700
23784
8310
5343
8420
4099
22489
23437
2756
16873
2354
487
1782
6022
17957
25878
9159
13368
20729
9069
19877
2580
19060
257
29420
18810
13803
3427
12860
13114
24129
3908
8439
8411
417
23307
934
20978
21068
9917
23826
17296
24839
28859
6383
9898
2476
11613
9203
27719
27482
9224
20281
12368
28960
19183
15060
24233
14667
3465
10784
8662
19957
2871
14026
1186
25351
10071
15680
29981
4108
29186
6547
24341
7609
26797
7492
22140
1787
6729
24558
23413
7862
6278
14235
13380
12754
3411
9113
19134
11391
23632
3721
12605
13280
3080
8302
1630
13424
18222
25339
14881
10626
27300
11515
13306
5710
11566
20902
1830
13285
284
13320
12345
630
17041
15260
8489
16422
21328
10913
2883
27892
24864
7698
15787
18817
23188
10462
29829
26307
15425
21503
1191
24815
9481
9838
9389
5241
19512
23956
7221
8554
8510
15059
26117
21287
16439
18499
28469
28067
13572
12852
20650
12499
26110
11846
22618
11548
4929
17256
23030
26114
21295
8923
24903
22497
26912
19884
28006
28026
15958
8512
22069
18408
28490
8022
21438
17152
10804
8619
21203
25558
11710
15207
22603
8756
5779
6663
23062
27029
25132
28498
8865
28772
29655
24410
26968
4787
15558
16206
9184
5686
4292
10957
14802
8291
3574
9811
14965
20493
27044
5138
26806
11857
20678
4897
3636
20185
3588
2768
5168
11630
26304
12218
13700
20179
16541
2168
5370
15109
18471
2161
11896
29386
10033
10767
4650
7830
18892
5893
17173
22975
24466
6778
20637
6948
26014
28390
12391
9791
18818
21550
23464
5536
9197
12576
5153
26300
24685
11489
8095
20571
27372
9191
24379
10156
9588
7315
28313
1238
26769
19269
3425
11317
27476
28618
27722
17724
1939
10891
18394
19190
14462
24412
23539
542
25809
26736
8416
6194
1182
1318
18579
9072
6197
26333
9625
16476
24407
15194
3118
3552
2825
4930
26170
8477
4276
2022
5325
18583
29165
2675
22192
11007
7370
17211
4212
22320
28129
12833
4409
13679
29855
17804
9761
169
96
24012
16847
28829
13574
10662
7730
412
24338
27714
21364
28260
19352
2962
18933
21031
6019
16889
4181
22495
21405
4873
21218
3083
25799
2632
29516
22534
8201
21474
20537
7396
27435
5007
29514
24723
7212
13603
13171
20773
14879
10811
26589
25563
15675
24154
18368
19870
10278
4901
24547
25996
23794
10525
15026
23329
16581
13633
20984
20388
21141
29629
12652
26372
10031
13651
16804
22453
792
2068
16141
19622
8543
18645
2624
15961
21822
5368
3362
2789
24959
2412
15390
16669
19794
14107
13421
3868
9631
22786
6174
15231
13818
19539
27776
26519
20580
14366
15581
10465
2216
5287
21495
29998
696
14444
12326
22179
4172
22744
15086
10935
17945
9002
17886
19909
11773
3003
22876
10217
3274
29141
4576
9083
16008
13419
13793
6047
6043
24976
24282
29424
7895
20339
11508
10178
9700
2672
13317
20657
26898
3714
3716
26154
3394
15952
26123
4812
29033
16040
958
11874
5043
13607
28534
7306
4900
7022
17120
14592
13000
540
23659
7554
27204
10997
17703
26227
29931
9132
4752
8713
29209
7434
11756
4939
25372
13693
9841
1559
13160
10902
27635
2513
23407
16142
19751
2200
27699
11917
1177
9788
8515
24352
5945
17086
15014
192
10984
12108
27759
16327
6254
15165
21038
17072
1783
27662
15670
5698
21799
7885
20839
13333
11285
6796
8516
22638
27764
22064
18080
25077
5199
6255
18372
21654
22458
6314
18576
11252
5740
17259
21373
6295
14459
26276
14589
10101
13163
11065
21619
20958
19558
20849
14978
23943
29588
10735
26309
16732
9553
5264
5042
21770
5051
28538
9177
6100
8346
9125
13198
21258
11376
12264
22808
10260
11954
29462
16214
18942
2020
10778
18916
4336
10449
18993
28541
19696
11761
5292
21837
27167
2589
1400
3663
23224
29750
26644
17650
3476
29294
9029
3873
16579
6173
24316
23695
21659
29136
21566
3521
7747
3938
11820
22211
12484
14548
7495
8214
23440
24450
16387
23500
10596
28223
13224
26865
13187
5118
26752
5899
4504
26012
11277
15115
26269
19566
29124
24800
27469
28056
12364
26762
27649
8954
7173
3058
18563
3872
26842
277
850
22202
10146
4179
16484
29819
11881
4360
10635
23770
3369
5576
9257
14498
28361
25
25791
16254
11651
26292
10271
1633
14452
20446
10424
8699
2894
20380
7617
5361
5699
4392
11177
26443
29544
26608
3573
14379
25620
23754
17407
8069
21017
268
17206
16895
4798
24953
25910
16568
28932
9384
24437
11646
7344
23738
818
13081
23211
18723
5156
25502
3243
403
16492
6095
16822
29191
17123
12068
21658
13525
19084
20327
24050
26188
18280
18356
1965
28554
17153
678
446
22827
14388
27084
2214
3578
14813
24681
22383
4299
26479
8956
9871
29052
8383
27413
29093
12640
3295
4058
16222
9276
25408
26346
20780
25273
9810
7196
21130
20464
23652
1838
27483
10107
18823
29891
9582
19274
3149
10234
849
6789
25307
8349
26837
6769
12686
17279
17221
17602
917
2459
8170
10510
15445
388
6227
7656
3270
20648
13739
7402
13728
13958
26002
6666
15198
2240
22010
13115
25162
3814
1252
5137
4571
23283
27585
87
19692
12521
24758
3577
1271
19878
22044
19396
23043
18141
17530
29862
27129
21439
6904
19099
21792
9955
516
16810
14220
13229
23258
24724
11249
9463
14063
9832
27447
27251
22665
20816
6260
16127
25092
4898
15940
8261
715
28415
16257
13745
9753
29630
11982
26911
22217
4021
232
26540
25324
2531
19344
21359
8063
12758
9934
25229
3499
21346
25272
2619
23229
8274
15292
443
21342
6261
17863
29726
11948
8199
16323
0
25862
24578
19102
17099
6617
23246
16849
10639
14394
26989
16002
26162
23395
8283
19097
19461
22304
6196
11278
9009
1240
24699
27778
22246
20591
12969
16636
28749
4731
2558
7865
8385
789
26888
22548
13463
22440
27448
14025
7437
27684
17746
14417
29833
21652
10440
18935
24139
8867
5622
16790
16779
11273
6516
25898
8308
26217
26740
27465
4785
24924
6528
27891
29479
10298
18836
18876
24111
28904
26463
209
16138
743
29947
16896
26449
3994
10256
21095
3597
8075
4642
10993
26297
18336
18558
22366
12989
9976
12991
22269
12568
14993
2371
17629
3279
12177
8518
3800
10687
24684
306
5981
21775
22562
26748
2382
28291
23415
8830
16888
1638
15203
14016
17194
28839
4365
23230
21075
8150
9697
28304
23674
4373
21502
29069
8669
11956
26657
1946
23911
10079
7351
11232
10774
2722
1108
15995
8904
14473
23457
29609
20613
15785
4233
2257
1576
21156
10802
8081
29030
19882
10826
25276
15313
27231
26899
27420
725
28069
9696
6563
22165
9542
20202
26216
6775
21704
16210
183
16593
17621
14105
19019
1610
17678
5035
24818
9632
9775
26573
1495
17070
953
7736
18252
5313
16328
32
28629
24598
24766
7733
21123
25440
12987
28071
2661
15297
5488
10901
24853
4945
28532
19175
12507
20654
1091
11974
9084
28091
4956
19364
14441
26084
14224
21174
7323
29104
26496
20599
28590
1027
9477
16715
21958
9226
6365
424
3433
8555
23819
10396
16940
20001
19330
4139
2165
2635
10084
20014
5492
10714
22564
19380
29027
5095
14020
17305
21060
21559
13799
15661
17879
28667
184
5533
10773
22115
6826
8351
18306
605
22314
26460
17312
29193
19869
18582
11997
19070
22802
6148
15520
7903
8578
13589
4186
17984
17834
7652
16118
28377
29150
190
13365
18978
27651
2617
23925
16106
28720
15104
3554
22923
26001
17655
14554
8708
22647
14443
26726
10895
28699
11182
8536
25000
17022
2081
9381
26682
28139
22428
2594
14550
25727
26572
18758
12901
13443
18185
828
6832
4759
15242
12254
2483
20851
6333
23081
2502
1373
25731
13897
11695
19105
29168
25241
2493
19673
6433
16865
29789
28233
25980
11823
5604
9860
29374
23899
18586
24394
12077
13561
17928
9822
29727
21175
5106
12957
26630
19162
6473
27419
16498
16343
15019
24523
3399
28358
1147
28545
12276
3608
21981
17129
14788
14899
19801
5632
26155
26925
7225
12222
24964
24531
2078
3115
28927
25548
29807
2993
11880
5164
11585
9292
3388
12301
29265
1585
4237
26277
6981
5917
7671
19453
16313
4451
13645
18076
8650
19654
16584
4399
9509
13629
26774
15685
13974
25810
27895
22881
5119
13925
28908
21526
10578
23119
23465
3509
22843
4829
15647
22094
28624
635
9865
17867
7288
27398
24334
7802
19759
9945
9244
17634
38
16124
25696
8281
25317
26833
19430
1310
1165
26689
13846
5877
5334
22636
21850
13932
52
10601
9100
25771
26910
8664
18931
15720
28615
5669
18507
21277
14124
24767
12896
22723
4924
28462
18517
2264
27403
23666
26156
2031
17585
3376
2861
10852
27666
13723
6960
11163
4754
9350
4421
1137
17917
24648
9530
19543
10360
20349
17791
16957
15803
7712
21230
26116
10517
23895
19669
27063
28654
5309
9685
5739
29915
5111
5068
17921
20060
25424
12244
19387
27037
24229
16694
7126
19215
14830
18606
27944
20411
17494
26439
7017
7379
24919
9149
12719
524
6129
6006
1022
3016
20186
23484
6799
4000
16168
25781
22946
29222
23009
1964
1085
7879
970
23620
26853
13533
22331
17954
14752
29187
6880
16819
16089
11792
12075
27497
14487
17376
12784
23699
21847
22403
7781
21560
20593
19152
24386
2397
15791
25137
8684
10915
22552
11245
10923
25237
5192
2865
26082
22197
11807
29394
3817
3917
17280
26080
1896
15903
26850
16970
4962
11592
21343
18224
55
5348
24825
29019
1210
758
8002
9590
17434
19557
4331
20532
17823
15122
13908
23992
600
23326
5700
28105
24500
27745
20190
26374
17468
23949
16668
21252
20660
5821
24843
26750
16213
15077
27442
1368
6654
24107
15553
10373
5768
5721
6788
6962
4275
17767
3304
15548
16178
15251
1690
13496
6302
20807
3315
11819
14857
8558
13206
28995
23504
11726
16827
6141
6987
1798
24801
26323
4444
8191
11497
3360
1272
9968
9019
16103
4377
914
20845
29890
11006
15175
21617
7525
11891
3460
1073
27601
26625
2260
26532
12456
18223
27113
17854
16007
25888
16685
23937
21299
22671
22582
26950
8682
21567
19144
20325
21262
11744
6003
24474
12671
2024
24706
3155
4757
15256
14122
15892
20907
81
13275
6111
7684
24210
2820
28359
20326
29338
1136
26920
18163
8672
7586
15853
656
15716
20787
10342
7098
13892
12381
11552
28179
27977
10754
22560
749
27436
14825
15388
9849
1607
9602
262
22139
28929
3893
28451
10657
24305
27006
13621
16588
22736
14432
7810
29331
19937
1325
17338
21087
13023
2442
10764
4568
19088
857
12629
4470
6114
5464
18217
21678
24852
9017
13913
26811
20905
2411
26150
24805
26617
6737
6668
19025
661
10924
29866
19955
13345
5748
10370
24099
197
3792
28083
19744
5115
18307
16644
20340
14456
17687
10512
5864
15818
26096
18893
23624
25514
8316
13686
26171
27872
28802
27017
18957
11625
6736
3968
21522
18684
7650
18868
18181
1932
25200
28185
25866
6837
29621
343
26077
3062
24149
2171
27923
12872
6226
4278
4202
382
28448
4102
19898
9824
1665
14488
19443
15491
9112
22410
13265
6784
837
28042
17142
21056
16775
13480
16288
7753
3386
19075
11655
22915
17862
625
22856
25585
7006
19480
10720
12394
9012
3020
769
19581
24730
29411
11994
14647
3676
14024
8493
4114
25284
28455
17536
15944
11883
10470
20512
2522
11170
21154
6464
13395
2978
19434
13204
22432
25995
1124
16197
25325
3532
2389
4484
27294
29803
27952
19071
6804
11779
8080
8579
2653
12999
7893
13730
1624
29906
13272
27330
4334
5405
1339
14586
23156
12839
17952
17758
10333
13210
13363
28930
24985
14559
21351
8250
17786
4493
11204
14226
5290
16488
36
25257
22816
2967
9210
1406
15501
2832
11691
5396
24624
4765
20836
22874
7128
9239
12480
1133
24003
13618
9075
29887
15732
6046
13273
22408
7074
18293
13929
1514
8624
7449
7538
11448
9730
2833
13960
29489
27279
12150
20431
25793
13847
9992
3643
19340
15923
3077
22201
8079
473
13373
12102
12836
23533
21831
10202
7298
6280
9142
4743
4480
12728
5517
1161
24108
4789
6492
4367
2501
3811
15810
11777
26542
19800
9337
25443
4503
22749
17417
12742
29491
24827
15624
11931
20887
23159
15094
29285
24200
12692
14549
27874
19842
20107
26328
21329
17932
12721
11387
6224
17576
24904
16139
1711
20857
6999
14524
15783
27218
12446
18074
29905
20726
13270
14560
6822
18872
17385
8
16612
7568
24343
15280
12035
5651
22982
10756
4167
286
13794
5392
8833
12182
13767
24383
3613
14798
12563
23129
27683
10413
20993
23368
25966
5741
24840
23342
19765
27062
25320
17512
8506
22501
